21.800000,21.800000,6.982836
29.600000,51.400000,17.065755
29.000000,80.400000,15.722595
33.200000,113.600000,20.004000
17.400000,131.000000,5.765414
20.100000,151.100000,6.331666
24.200000,175.300000,10.897706
16.300000,191.600000,5.423099
26.000000,217.600000,12.425780
24.100000,241.700000,8.893256
18.500000,260.200000,4.364631
24.300000,284.500000,12.798828
29.500000,314.000000,16.396646
26.600000,340.600000,14.022839
20.400000,361.000000,9.308061
21.300000,382.300000,13.214008
28.700000,411.000000,12.984991
16.600000,427.600000,6.988562
32.500000,460.100000,21.786464
22.000000,482.100000,8.955445
33.000000,515.100000,14.669697
28.300000,543.400000,12.578156
23.400000,566.800000,11.833850
28.700000,595.500000,15.073487
28.600000,624.100000,10.489995
25.100000,649.200000,18.981307
27.300000,676.500000,13.726252
24.700000,701.200000,11.730729
23.000000,724.200000,10.770330
37.000000,761.200000,25.019992
30.000000,791.200000,15.594871
31.000000,822.200000,17.899721
59.600000,881.800000,32.806097
53.100000,934.900000,32.546736
31.700000,966.600000,16.504848
39.100000,1005.700000,25.594726
38.500000,1044.200000,22.195720
40.500000,1084.700000,20.728000
55.100000,1139.800000,51.253195
42.800000,1182.600000,28.466823
52.400000,1235.000000,35.177265
47.500000,1282.500000,31.190543
34.400000,1316.900000,26.762661
61.600000,1378.500000,39.010768
65.300000,1443.800000,40.087529
50.700000,1494.500000,33.469538
54.400000,1548.900000,37.323451
28.000000,1576.900000,18.061008
45.100000,1622.000000,30.615192
53.700000,1675.700000,38.348533
91.600000,1767.300000,49.443301
77.500000,1844.800000,36.277403
63.000000,1907.800000,48.526282
84.300000,1992.100000,55.636409
104.700000,2096.800000,37.110780
73.900000,2170.700000,40.584357
66.500000,2237.200000,46.215257
96.900000,2334.100000,61.466170
62.600000,2396.700000,37.715249
113.200000,2509.900000,57.403484
61.800000,2571.700000,30.950929
85.200000,2656.900000,43.196759
98.000000,2754.900000,53.263496
115.700000,2870.600000,55.799731
95.900000,2966.500000,61.203676
92.900000,3059.400000,54.738378
81.200000,3140.600000,51.503010
108.000000,3248.600000,53.531299
104.900000,3353.500000,44.856326
63.100000,3416.600000,32.928559
118.800000,3535.400000,34.933651
113.500000,3648.900000,71.268857
88.900000,3737.800000,49.677862
94.300000,3832.100000,70.672555
96.500000,3928.600000,65.206211
112.100000,4040.700000,62.676072
123.400000,4164.100000,49.134916
119.700000,4283.800000,54.376557
107.100000,4390.900000,71.030205
87.500000,4478.400000,53.136146
138.800000,4617.200000,45.683257
117.400000,4734.600000,51.542604
133.300000,4867.900000,50.235545
117.200000,4985.100000,58.697189
138.000000,5123.100000,43.625681
109.200000,5232.300000,71.105274
154.400000,5386.700000,48.656346
111.200000,5497.900000,68.589795
120.200000,5618.100000,70.934900
144.900000,5763.000000,59.273012
138.600000,5901.600000,50.128236
154.600000,6056.200000,45.532845
150.400000,6206.600000,55.730064
108.100000,6314.700000,66.515337
122.100000,6436.800000,65.062201
160.000000,6596.800000,52.136360
136.100000,6732.900000,62.156979
144.600000,6877.500000,52.720395
135.500000,7013.000000,63.922218
137.800000,7150.800000,64.851831
141.100000,7291.900000,61.973301
106.400000,7398.300000,47.971241
147.100000,7545.400000,31.001452
137.800000,7683.200000,51.185545
133.000000,7816.200000,62.218968
145.000000,7961.200000,61.796440
122.700000,8083.900000,66.891031
156.500000,8240.400000,47.504210
147.500000,8387.900000,44.421279
112.600000,8500.500000,54.479721
123.700000,8624.200000,69.806948
168.700000,8792.900000,30.887052
119.400000,8912.300000,54.726959
158.300000,9070.600000,33.069775
135.600000,9206.200000,74.370962
149.100000,9355.300000,60.884234
126.300000,9481.600000,64.557029
130.200000,9611.800000,44.591030
129.100000,9740.900000,54.546219
140.500000,9881.400000,59.542002
143.200000,10024.600000,59.814380
141.400000,10166.000000,54.677601
107.300000,10273.300000,62.796576
152.800000,10426.100000,38.269570
160.700000,10586.800000,29.590708
106.000000,10692.800000,71.887412
143.800000,10836.600000,51.034890
119.900000,10956.500000,53.416196
131.900000,11088.400000,50.863445
150.300000,11238.700000,38.225777
164.400000,11403.100000,34.739603
139.100000,11542.200000,35.973462
101.400000,11643.600000,56.491061
147.300000,11790.900000,39.311703
169.100000,11960.000000,24.464055
131.200000,12091.200000,71.054627
120.000000,12211.200000,56.462377
144.200000,12355.400000,60.935704
137.200000,12492.600000,56.012142
165.800000,12658.400000,51.665849
166.800000,12825.200000,31.845879
136.300000,12961.500000,66.988133
143.100000,13104.600000,48.939657
162.400000,13267.000000,36.453258
120.400000,13387.400000,62.796815
152.100000,13539.500000,28.738302
143.300000,13682.800000,67.231020
121.700000,13804.500000,63.594104
146.900000,13951.400000,52.517521
164.800000,14116.200000,29.922567
111.600000,14227.800000,61.715800
138.000000,14365.800000,49.845762
158.200000,14524.000000,31.820748
161.700000,14685.700000,49.386334
163.700000,14849.400000,54.101848
155.800000,15005.200000,53.514110
138.000000,15143.200000,57.842891
150.000000,15293.200000,38.966652
95.200000,15388.400000,72.304633
150.700000,15539.100000,43.963735
137.400000,15676.500000,55.415160
148.700000,15825.200000,52.640384
142.700000,15967.900000,30.083384
155.900000,16123.800000,46.237323
145.800000,16269.600000,55.783152
171.800000,16441.400000,31.946205
161.000000,16602.400000,51.548036
159.100000,16761.500000,27.573357
142.600000,16904.100000,48.280845
154.500000,17058.600000,37.810713
170.900000,17229.500000,25.916983
137.900000,17367.400000,43.135716
146.100000,17513.500000,54.443457
174.100000,17687.600000,31.759880
170.800000,17858.400000,37.112801
161.500000,18019.900000,47.628248
172.300000,18192.200000,31.764918
151.200000,18343.400000,42.056628
177.200000,18520.600000,29.352342
173.200000,18693.800000,31.153812
162.300000,18856.100000,29.976824
140.700000,18996.800000,50.917679
179.800000,19176.600000,22.546840
176.400000,19353.000000,29.509998
167.600000,19520.600000,35.111821
146.300000,19666.900000,64.660730
168.800000,19835.700000,37.276802
166.200000,20001.900000,37.002162
148.600000,20150.500000,52.054203
158.500000,20309.000000,56.989911
170.400000,20479.400000,30.923131
182.700000,20662.100000,30.006833
159.300000,20821.400000,56.984296
166.700000,20988.100000,40.907334
177.100000,21165.200000,28.062252
174.200000,21339.400000,50.805118
183.500000,21522.900000,31.897492
175.500000,21698.400000,54.896721
169.500000,21867.900000,52.002404
192.000000,22059.900000,13.652839
178.700000,22238.600000,42.769265
180.000000,22418.600000,44.386935
190.100000,22608.700000,14.781407
184.900000,22793.600000,29.588680
195.600000,22989.200000,13.200000
180.800000,23170.000000,41.467578
170.000000,23340.000000,57.112170
191.000000,23531.000000,20.139513
158.400000,23689.400000,60.304560
169.000000,23858.400000,48.203734
180.000000,24038.400000,28.799306
168.000000,24206.400000,42.114131
168.200000,24374.600000,44.593273
196.100000,24570.700000,8.166395
174.200000,24744.900000,45.969120
181.800000,24926.700000,30.704397
187.100000,25113.800000,20.892343
186.500000,25300.300000,23.363433
166.900000,25467.200000,49.958883
182.900000,25650.100000,28.423406
165.600000,25815.700000,64.433221
176.600000,25992.300000,49.061594
189.200000,26181.500000,23.553344
186.300000,26367.800000,27.473806
187.800000,26555.600000,27.636208
190.300000,26745.900000,21.652021
191.300000,26937.200000,18.144145
152.700000,27089.900000,64.328920
178.000000,27267.900000,35.301558
195.500000,27463.400000,9.457801
182.300000,27645.700000,37.778433
188.800000,27834.500000,19.275892
191.000000,28025.500000,14.310835
185.400000,28210.900000,29.689055
174.800000,28385.700000,30.983221
185.800000,28571.500000,15.632018
181.300000,28752.800000,45.044534
175.800000,28928.600000,47.962068
185.000000,29113.600000,32.338831
195.400000,29309.000000,13.800000
193.900000,29502.900000,18.300000
198.300000,29701.200000,5.100000
190.800000,29892.000000,17.730200
187.100000,30079.100000,26.147466
173.400000,30252.500000,36.398352
178.000000,30430.500000,28.778464
190.000000,30620.500000,26.107470
185.900000,30806.400000,25.719448
185.600000,30992.000000,20.416660
194.000000,31186.000000,12.074767
200.000000,31386.000000,0.000000
194.000000,31580.000000,18.000000
185.500000,31765.500000,23.572229
193.900000,31959.400000,18.300000
175.900000,32135.300000,32.672465
171.700000,32307.000000,36.008471
172.200000,32479.200000,35.408474
164.300000,32643.500000,44.472576
166.600000,32810.100000,41.153858
175.600000,32985.700000,35.813964
195.500000,33181.200000,13.500000
194.200000,33375.400000,17.400000
198.200000,33573.600000,5.400000
183.400000,33757.000000,31.429922
194.100000,33951.100000,13.612127
168.700000,34119.800000,40.627700
189.000000,34308.800000,22.645088
191.900000,34500.700000,15.501290
183.600000,34684.300000,49.200000
182.500000,34866.800000,29.200171
184.000000,35050.800000,27.440845
157.700000,35208.500000,56.001875
191.900000,35400.400000,17.242100
189.300000,35589.700000,21.982038
155.900000,35745.600000,60.150561
176.500000,35922.100000,54.913113
170.300000,36092.400000,38.874285
171.200000,36263.600000,38.426033
182.400000,36446.000000,28.235439
188.400000,36634.400000,25.562472
193.600000,36828.000000,19.200000
186.000000,37014.000000,34.638129
190.500000,37204.500000,19.106282
200.000000,37404.500000,0.000000
192.300000,37596.800000,23.100000
192.900000,37789.700000,21.300000
191.300000,37981.000000,23.255322
178.400000,38159.400000,36.403846
179.200000,38338.600000,33.388022
192.300000,38530.900000,15.401623
189.000000,38719.900000,13.769532
182.700000,38902.600000,26.612215
188.000000,39090.600000,27.070279
196.600000,39287.200000,7.031358
191.600000,39478.800000,18.260340
186.400000,39665.200000,24.200000
191.100000,39856.300000,22.156038
189.700000,40046.000000,16.994411
172.900000,40218.900000,30.923939
188.200000,40407.100000,17.313578
