-72.736054,78.000000,0.000000
-61.313875,153.000000,0.000000
-283.939039,293.000000,0.000000
-149.359578,407.000000,0.000000
-106.648647,474.000000,0.000000
-270.667423,581.000000,0.000000
-248.654735,661.000000,0.000000
-174.027681,755.000000,0.000000
-153.745681,839.000000,0.000000
-92.235960,954.000000,0.000000
-389.408059,1050.000000,0.000000
-62.327327,1112.000000,0.000000
-336.604724,1207.000000,0.000000
-95.906514,1278.000000,0.000000
-102.470271,1371.000000,0.000000
-118.465932,1457.000000,0.000000
-85.471099,1549.000000,0.000000
-129.693921,1658.000000,0.000000
-145.063584,1774.000000,0.000000
-83.810656,1902.000000,0.000000
-84.947192,1996.000000,0.000000
-249.730200,2089.000000,0.000000
-40.061201,2170.000000,0.000000
-127.993206,2269.000000,0.000000
-61.414271,2345.000000,0.000000
-51.543923,2435.000000,0.000000
-171.040764,2569.000000,0.000000
-61.098016,2692.000000,0.000000
-66.384345,2821.000000,0.000000
-126.396006,2926.000000,0.000000
-118.721910,3031.000000,0.000000
-127.137811,3150.000000,0.000000
-84.582712,3231.000000,0.000000
-88.211469,3326.000000,0.000000
-77.480315,3431.000000,0.000000
-13.402797,3512.000000,0.000000
-52.313175,3587.000000,0.000000
-17.391849,3702.000000,0.000000
-59.608141,3833.000000,0.000000
-96.283069,3934.000000,0.000000
-83.330605,4043.000000,0.000000
-5.203540,4193.000000,0.000000
-61.462825,4347.000000,0.000000
-115.219186,4502.000000,0.000000
-46.724835,4575.000000,0.000000
-23.684467,4713.000000,0.000000
-41.324137,4863.000000,0.000000
-32.801586,5007.000000,0.000000
-17.684683,5126.000000,0.000000
-66.382460,5219.000000,0.000000
-44.861595,5398.000000,0.000000
-87.859712,5531.000000,0.000000
-93.865307,5623.000000,0.000000
-106.791570,5768.000000,0.000000
-51.706580,5920.000000,0.000000
-50.099869,6059.000000,0.000000
-56.754483,6180.000000,0.000000
-47.897694,6290.000000,0.000000
16.923542,6428.000000,0.000000
10.127508,6561.000000,0.000000
-264.177693,7404.000000,0.000000
-80.843127,7545.000000,0.000000
-114.994289,7672.000000,0.000000
-77.852117,7781.000000,0.000000
-24.037166,7960.000000,0.000000
-12.748244,8094.000000,0.000000
-17.953812,9094.000000,0.000000
-360.755570,9419.000000,0.000000
-101.271948,9555.000000,0.000000
-37.044725,9703.000000,0.000000
36.963939,9856.000000,0.000000
-65.571849,10104.000000,0.000000
-63.109540,10250.000000,0.000000
-21.218169,10392.000000,0.000000
-39.322006,10503.000000,0.000000
-50.203088,10599.000000,0.000000
-51.239124,10732.000000,0.000000
-67.610550,10861.000000,0.000000
-55.270274,10957.000000,0.000000
-246.061394,11133.000000,0.000000
-82.562863,11248.000000,0.000000
-22.164235,11652.000000,0.000000
10.354339,11776.000000,0.000000
-25.759673,12776.000000,0.000000
-39.898192,12918.000000,0.000000
-139.776389,13386.000000,0.000000
-0.317657,13530.000000,0.000000
-95.447143,13644.000000,0.000000
-12.617120,14644.000000,0.000000
-11.708764,15644.000000,0.000000
15.649580,16644.000000,0.000000
-63.916849,17644.000000,0.000000
-8.005447,17830.000000,0.000000
-29.963238,18830.000000,0.000000
55.403043,19830.000000,0.000000
-25.460543,19947.000000,0.000000
33.588424,20947.000000,0.000000
87.070666,21947.000000,0.000000
34.316628,22947.000000,0.000000
5.034840,23947.000000,0.000000
15.742908,24079.000000,0.000000
21.388876,24244.000000,0.000000
-443.144924,24448.000000,0.000000
83.671369,25448.000000,0.000000
2.119854,25535.000000,0.000000
-215.529548,26215.000000,0.000000
-224.563782,26520.000000,0.000000
101.780469,27520.000000,0.000000
30.047846,27627.000000,0.000000
-177.396557,27737.000000,0.000000
-13.944709,27887.000000,0.000000
-8.510626,28002.000000,0.000000
-164.950373,28312.000000,0.000000
152.568090,29312.000000,0.000000
62.476972,30312.000000,0.000000
57.563416,31312.000000,0.000000
90.918497,32312.000000,0.000000
-83.029710,32420.000000,0.000000
-5.625673,32666.000000,0.000000
-2.864771,32937.000000,0.000000
-18.181489,33069.000000,0.000000
83.664046,34069.000000,0.000000
44.958504,34167.000000,0.000000
-6.787353,34278.000000,0.000000
-9.199362,34514.000000,0.000000
17.879889,34623.000000,0.000000
106.221667,35623.000000,0.000000
112.175769,36623.000000,0.000000
-66.632118,36725.000000,0.000000
66.237693,37725.000000,0.000000
94.397867,38725.000000,0.000000
123.164801,39725.000000,0.000000
148.738946,40725.000000,0.000000
79.455099,41725.000000,0.000000
149.470879,42725.000000,0.000000
129.518449,43725.000000,0.000000
-60.489062,43925.000000,0.000000
125.711137,44925.000000,0.000000
110.388420,45925.000000,0.000000
-85.265237,46044.000000,0.000000
90.191008,47044.000000,0.000000
-254.968392,47217.000000,0.000000
-19.536816,48217.000000,0.000000
-184.469568,48881.000000,0.000000
24.624657,48965.000000,0.000000
95.785215,49965.000000,0.000000
97.348349,50965.000000,0.000000
205.200919,51466.000000,0.000000
146.622277,52466.000000,0.000000
-271.048907,52730.000000,0.000000
-176.535819,53084.000000,0.000000
-241.734416,53974.000000,0.000000
126.428101,54974.000000,0.000000
-6.691264,55974.000000,0.000000
-342.332914,56407.000000,0.000000
-254.000101,56993.000000,0.000000
-75.941736,57082.000000,0.000000
151.254424,58082.000000,0.000000
31.632835,59082.000000,0.000000
-194.314945,59344.000000,0.000000
120.638849,60344.000000,0.000000
125.786680,61344.000000,0.000000
-319.472067,61784.000000,0.000000
-204.748429,62016.000000,0.000000
121.977262,63016.000000,0.000000
-61.961805,63344.000000,0.000000
94.918228,64344.000000,0.000000
-172.744375,64681.000000,0.000000
66.227661,65681.000000,0.000000
15.758891,65847.000000,0.000000
255.671650,66625.000000,0.000000
116.770752,67625.000000,0.000000
137.309234,68625.000000,0.000000
36.619354,68769.000000,0.000000
214.600544,69628.000000,0.000000
191.912612,70235.000000,0.000000
23.993738,71172.000000,0.000000
101.994765,72172.000000,0.000000
255.569978,72631.000000,0.000000
235.079836,73295.000000,0.000000
-24.014267,74295.000000,0.000000
46.863085,75295.000000,0.000000
-438.293521,76246.000000,0.000000
275.027562,76804.000000,0.000000
188.211068,77790.000000,0.000000
272.285130,78468.000000,0.000000
117.619846,79468.000000,0.000000
4.966533,80468.000000,0.000000
294.001751,81068.000000,0.000000
227.194883,81860.000000,0.000000
128.677600,82860.000000,0.000000
222.611972,83828.000000,0.000000
-146.805785,84202.000000,0.000000
134.779355,85202.000000,0.000000
-224.166938,85965.000000,0.000000
-3.873070,86156.000000,0.000000
280.995562,86656.000000,0.000000
-183.290784,87048.000000,0.000000
295.268257,87666.000000,0.000000
121.286761,88666.000000,0.000000
32.913743,88766.000000,0.000000
238.612238,89415.000000,0.000000
22.648600,89622.000000,0.000000
261.788619,90078.000000,0.000000
241.453644,90759.000000,0.000000
244.321939,91289.000000,0.000000
278.823699,91729.000000,0.000000
195.400804,92397.000000,0.000000
281.604039,92864.000000,0.000000
263.781750,93381.000000,0.000000
274.439453,94052.000000,0.000000
79.459034,95052.000000,0.000000
-110.947177,96052.000000,0.000000
244.974147,96721.000000,0.000000
21.287738,97721.000000,0.000000
108.347146,98721.000000,0.000000
85.884661,99721.000000,0.000000
184.482568,100579.000000,0.000000
17.089086,100764.000000,0.000000
70.981374,101764.000000,0.000000
-22.277161,102764.000000,0.000000
224.160770,103252.000000,0.000000
172.861039,104186.000000,0.000000
238.676065,104512.000000,0.000000
227.158139,104900.000000,0.000000
99.776342,105900.000000,0.000000
269.123680,106281.000000,0.000000
243.966370,106533.000000,0.000000
118.160672,107533.000000,0.000000
273.257826,108003.000000,0.000000
251.681578,108457.000000,0.000000
252.431309,108738.000000,0.000000
169.730203,109159.000000,0.000000
-49.193077,110159.000000,0.000000
238.110751,110517.000000,0.000000
203.920025,111136.000000,0.000000
245.305176,111847.000000,0.000000
279.549702,112156.000000,0.000000
272.764087,112520.000000,0.000000
265.241541,112799.000000,0.000000
241.940977,113429.000000,0.000000
253.802551,113730.000000,0.000000
246.761845,114411.000000,0.000000
225.181931,115072.000000,0.000000
221.971584,115647.000000,0.000000
215.738743,116157.000000,0.000000
-60.848246,117157.000000,0.000000
268.750562,117545.000000,0.000000
-337.176775,117644.000000,0.000000
-245.004056,117826.000000,0.000000
253.570633,118234.000000,0.000000
255.892290,118779.000000,0.000000
276.308532,119139.000000,0.000000
223.845343,119434.000000,0.000000
248.290849,119797.000000,0.000000
250.497171,120167.000000,0.000000
122.413379,121167.000000,0.000000
290.611853,121378.000000,0.000000
257.941187,121632.000000,0.000000
273.947257,122127.000000,0.000000
241.881845,122528.000000,0.000000
171.919627,123039.000000,0.000000
194.527136,123490.000000,0.000000
259.351353,123860.000000,0.000000
266.284711,124443.000000,0.000000
233.377809,124976.000000,0.000000
256.825633,125328.000000,0.000000
255.862862,125641.000000,0.000000
254.430972,126108.000000,0.000000
286.850573,126369.000000,0.000000
244.683365,126609.000000,0.000000
289.900544,126864.000000,0.000000
281.885509,127306.000000,0.000000
237.171633,127747.000000,0.000000
287.998779,128135.000000,0.000000
241.559665,128506.000000,0.000000
282.511390,128748.000000,0.000000
249.030795,129237.000000,0.000000
281.550208,129549.000000,0.000000
210.711689,129869.000000,0.000000
248.512170,130246.000000,0.000000
259.866022,130462.000000,0.000000
-168.051575,130874.000000,0.000000
205.545439,131382.000000,0.000000
271.950508,131702.000000,0.000000
253.793647,132136.000000,0.000000
244.319771,132736.000000,0.000000
233.298448,133344.000000,0.000000
264.573933,133638.000000,0.000000
233.465707,133995.000000,0.000000
272.484109,134308.000000,0.000000
266.886142,134674.000000,0.000000
274.630769,135073.000000,0.000000
278.357361,135451.000000,0.000000
230.647385,135929.000000,0.000000
270.932684,136264.000000,0.000000
227.717473,136525.000000,0.000000
209.110427,137062.000000,0.000000
269.798201,137286.000000,0.000000
262.070810,137520.000000,0.000000
270.029509,137933.000000,0.000000
304.343912,138286.000000,0.000000
76.037133,138454.000000,0.000000
9.107936,138719.000000,0.000000
224.003999,139039.000000,0.000000
238.103570,139377.000000,0.000000
254.536502,139770.000000,0.000000
275.210313,140009.000000,0.000000
242.767587,140213.000000,0.000000
240.639427,140727.000000,0.000000
74.402457,140884.000000,0.000000
273.576019,141074.000000,0.000000
256.202808,141351.000000,0.000000
246.814973,141587.000000,0.000000
201.765777,142035.000000,0.000000
207.006584,142342.000000,0.000000
255.160627,142515.000000,0.000000
301.574521,143278.000000,0.000000
246.669524,143435.000000,0.000000
272.402508,143936.000000,0.000000
216.618339,144205.000000,0.000000
252.369736,144512.000000,0.000000
236.390367,144843.000000,0.000000
277.317690,145048.000000,0.000000
219.280934,145374.000000,0.000000
-143.282173,145546.000000,0.000000
278.329130,145795.000000,0.000000
256.542410,145979.000000,0.000000
261.277315,146232.000000,0.000000
234.647699,146478.000000,0.000000
198.623696,146805.000000,0.000000
168.817764,147190.000000,0.000000
260.049348,147625.000000,0.000000
251.291427,147976.000000,0.000000
234.702257,148308.000000,0.000000
275.801449,148509.000000,0.000000
211.816347,148742.000000,0.000000
218.892933,148967.000000,0.000000
270.627170,149186.000000,0.000000
264.075336,149424.000000,0.000000
225.862906,149844.000000,0.000000
287.143344,150143.000000,0.000000
270.846674,150326.000000,0.000000
249.852978,150708.000000,0.000000
182.754329,151154.000000,0.000000
229.321552,151412.000000,0.000000
273.760644,151721.000000,0.000000
272.133126,151981.000000,0.000000
254.675216,152561.000000,0.000000
246.915352,152917.000000,0.000000
