-213.299631,95.500000,88.284035
-158.905018,184.300000,66.151255
-200.718779,287.200000,94.490293
-153.207081,387.000000,82.407375
-178.624046,486.200000,109.468063
-179.892799,582.700000,102.636707
-184.320468,684.000000,120.241620
-107.180254,774.600000,41.441793
-196.935337,856.600000,106.863303
-161.385881,945.400000,83.217786
-149.071379,1040.400000,70.171707
-178.666917,1144.300000,76.260188
-149.661675,1236.100000,72.759060
-170.244072,1323.100000,96.739030
-175.613642,1423.000000,86.496268
-144.975425,1505.200000,96.429440
-191.220653,1616.500000,91.366838
-135.841182,1709.400000,84.613146
-138.428242,1819.700000,99.279946
-103.045600,1922.800000,61.417730
-142.862403,2028.700000,80.576341
-146.176107,2133.200000,68.256041
-99.749827,2224.700000,43.135594
-126.711507,2417.800000,116.309678
-74.366915,2520.700000,44.030175
-149.004584,2632.400000,64.600600
-158.172232,2740.600000,134.779547
-106.026962,2852.100000,41.824556
-96.240113,2945.600000,82.957866
-119.250202,3053.100000,71.187854
-108.766000,3156.300000,70.976341
-136.819433,3258.800000,89.203036
-93.204320,3350.900000,41.197062
-81.189264,3548.500000,43.475039
-106.085250,3655.500000,48.753296
-117.018648,3772.200000,87.543580
-88.556494,3883.200000,82.045670
-75.398913,4005.700000,51.007910
-79.236885,4124.000000,44.712708
-115.823461,4229.700000,81.158486
-121.841084,4341.300000,72.112487
-104.740751,4449.000000,38.025418
-96.830176,4562.200000,96.063075
-102.673330,4675.800000,115.490135
-72.544683,4793.300000,60.903654
-112.677365,4933.100000,101.744632
-78.135387,5041.100000,55.005237
-71.921779,5252.700000,108.257264
-66.652780,5370.500000,39.760523
-79.846346,5491.100000,102.213347
-81.137720,5616.200000,83.723808
-58.839528,5752.700000,30.894936
-82.807424,5865.600000,41.408507
-67.932134,5984.900000,66.061604
-111.535130,6182.000000,115.047472
-60.737353,6401.300000,62.671367
-42.838602,6625.800000,58.999816
-70.933208,6756.800000,59.607336
-85.266612,6994.400000,66.066327
-85.571173,7132.400000,62.633071
-86.099912,7248.400000,56.599445
-95.465670,7377.500000,54.354783
-95.374602,7555.800000,151.306349
-98.815736,7844.100000,128.565834
-71.576975,8151.200000,66.008389
-27.966526,8288.700000,25.825233
-59.447399,8422.700000,36.835421
-41.050720,8598.100000,44.825381
-112.338706,8835.900000,88.447116
-95.332092,8974.800000,68.818613
-66.110620,9226.500000,35.611395
-81.414119,9430.100000,58.338797
-83.521845,9631.000000,99.436437
-63.347969,9822.100000,46.138194
-68.349780,10131.900000,67.845116
-70.131584,10445.500000,104.477044
-49.899006,10717.100000,58.030944
-45.666054,11042.200000,102.941524
-46.341358,11533.700000,69.315804
-56.124457,11862.200000,39.635987
-72.678586,12047.900000,75.789424
-38.071536,12426.500000,47.001694
-96.523841,12908.800000,124.820082
-53.030882,13284.500000,94.504454
-129.070279,13572.300000,82.758288
-58.761962,13955.900000,89.195122
-73.440976,14397.800000,88.878785
-89.891553,14847.500000,84.425104
-27.116641,15263.000000,45.970596
-33.030750,15832.100000,63.959871
-110.911721,16103.300000,106.145093
-10.184611,16771.700000,100.472774
-64.911392,17107.700000,99.377720
-78.007640,17394.100000,88.399901
-40.873742,17680.000000,112.388276
-52.975470,18054.600000,122.283654
-87.030918,18276.100000,84.263784
-23.765277,18844.500000,80.280109
9.030680,19603.500000,33.939443
-4.466176,19965.900000,55.668755
-46.796270,20477.100000,73.351674
-33.514407,21007.600000,122.292733
-24.733237,21786.900000,125.558476
5.788154,22536.700000,120.187864
-15.067167,22766.000000,63.765738
23.282001,23431.600000,47.674359
15.410248,23907.800000,88.538163
-49.305787,24467.800000,98.384123
21.755956,25005.100000,98.433706
39.464183,25706.800000,95.473481
61.750615,26460.900000,51.970197
-16.599920,26912.500000,108.135882
-7.229865,27523.100000,92.054059
69.134214,28432.600000,50.690025
44.098192,29165.100000,88.109038
-83.299605,29593.200000,130.081084
-11.744150,30245.800000,177.007143
2.363099,30748.100000,115.393930
-73.118126,31157.300000,206.943919
-42.828914,31657.600000,137.269569
17.791946,32210.200000,136.379144
-25.553405,32727.700000,136.298360
-46.101490,33036.500000,122.101009
33.153784,33682.700000,102.375042
-28.017288,34219.100000,139.831525
23.233604,34982.900000,113.930222
-17.146935,35495.300000,151.837206
-2.425100,35990.700000,183.834817
42.090706,36755.900000,82.740023
26.353948,37519.100000,133.438653
18.534766,38068.000000,141.484624
-12.354484,38532.200000,162.010906
85.106495,39135.800000,152.930867
-1.489458,39570.700000,115.521245
-4.945819,39886.300000,109.111571
32.573403,40474.200000,149.267107
-31.609549,40876.400000,144.044500
-8.203431,41285.900000,173.868604
-71.060759,41885.100000,240.532706
13.016003,42448.800000,103.521111
-13.239155,43027.500000,121.001621
-0.092014,43597.700000,126.470366
67.491560,44191.000000,161.971193
49.772186,44744.700000,120.640505
33.860475,45459.000000,156.092094
-0.890254,46098.400000,172.295273
32.911250,46669.400000,83.802882
50.947032,47356.400000,116.154958
88.371132,47982.500000,132.696328
20.689957,48493.800000,118.165847
68.666723,49311.000000,158.847121
47.598102,49947.100000,143.179233
5.124974,50580.800000,142.452922
169.459142,51276.600000,89.459654
93.104152,51874.800000,151.782319
36.546704,52443.900000,123.516272
63.157180,52925.800000,162.660387
158.117885,53814.800000,58.010775
49.493649,54469.700000,88.641122
69.131074,55042.200000,161.320596
38.062753,55561.500000,158.587482
42.624483,56147.400000,138.419806
-13.264647,56469.700000,155.487706
45.794426,56805.800000,143.802177
98.498445,57332.800000,112.539751
52.532406,57888.100000,148.820860
57.278008,58335.500000,165.111975
-36.477223,58831.700000,226.736371
40.559047,59351.300000,184.498998
-24.562020,59935.600000,152.975679
29.267928,60548.200000,132.364167
70.954436,61073.800000,152.804306
18.800321,61377.100000,202.051602
48.057878,61774.000000,144.006130
65.399268,62411.400000,127.785610
99.116065,62740.400000,157.570588
57.530693,63225.200000,182.134751
89.110233,63619.700000,165.305324
123.413522,64034.500000,160.137024
135.977596,64666.500000,115.797586
111.630974,65370.700000,135.515336
137.827571,65883.800000,112.972165
70.466109,66434.400000,104.166612
142.959595,66989.700000,124.560984
-73.827032,67277.000000,193.176056
41.802722,67819.700000,156.180852
63.756163,68281.500000,163.026504
66.710085,68698.800000,179.908594
50.293091,69083.600000,116.945912
-27.020891,69613.200000,143.244256
35.381530,70145.200000,188.620071
2.689777,70525.700000,273.660782
17.021395,71009.400000,262.990350
-86.891182,71383.000000,206.502197
26.427782,71933.500000,206.450085
62.889777,72420.000000,189.842590
59.515607,72868.200000,170.540197
82.188571,73523.500000,180.968044
96.917924,73977.100000,174.382565
124.149267,74515.000000,113.995370
86.350489,74841.400000,197.775277
87.989706,75324.100000,151.043111
125.388561,75796.300000,129.760670
86.349219,76364.600000,148.521682
114.727928,76855.800000,148.242679
161.622476,77394.300000,109.525847
57.818554,77869.100000,152.895776
90.950372,78378.900000,150.777850
94.161127,78846.900000,174.213641
68.313672,79283.400000,170.511457
188.618073,79843.500000,90.022723
86.880537,80198.200000,246.254892
64.851223,80548.000000,177.302626
117.437486,81120.200000,203.926858
217.918231,81737.100000,52.208845
180.146930,82290.900000,125.562345
138.828698,82555.700000,147.263159
170.017748,82929.400000,117.146082
175.680162,83569.000000,88.136005
38.453394,83935.800000,195.159867
148.311191,84296.400000,133.572886
123.028308,84724.000000,142.529286
49.223145,85010.500000,161.311553
141.761914,85511.700000,149.324126
191.866431,85949.300000,55.725612
133.022324,86330.700000,168.418764
245.487808,86773.500000,26.217359
105.538529,87291.700000,203.089064
144.679534,87821.600000,132.007062
129.730001,88281.200000,137.662539
180.578042,88821.600000,113.883048
141.726973,89324.500000,126.385425
239.664135,89786.900000,22.566615
-22.049008,90261.500000,206.158597
121.175576,90621.600000,192.089436
125.438005,91219.500000,164.766032
155.109687,91569.700000,139.240279
191.995017,92075.900000,90.755569
204.439672,92417.000000,156.673018
-62.578692,92837.700000,239.538486
143.251236,93322.900000,148.689556
187.006270,93676.200000,117.949705
75.125299,94108.800000,170.632273
157.479132,94477.700000,176.910133
99.502445,94755.800000,152.271129
150.546740,95107.100000,113.830492
183.586825,95415.300000,175.421686
95.003052,95734.400000,212.210464
211.457217,96132.600000,87.944701
105.849600,96435.600000,151.883934
46.986528,96751.300000,219.073679
107.752070,97107.100000,153.273872
88.737777,97491.300000,152.811094
175.897332,97899.000000,136.165614
240.988543,98316.700000,25.656535
215.506718,98693.000000,100.665366
125.328064,98986.900000,152.443605
141.305925,99359.300000,174.247753
116.992115,99755.300000,145.842316
217.103212,100046.700000,116.029235
108.474995,100360.300000,225.511768
155.025379,100707.400000,167.480701
156.161112,100968.600000,126.506627
175.799034,101263.700000,133.326352
219.780966,101713.400000,69.238670
181.667943,102241.800000,76.206660
210.063715,102650.200000,134.594362
205.485799,103121.300000,94.381534
149.865852,103430.000000,164.616607
164.896217,103724.200000,148.831396
15.560886,104087.900000,253.664089
198.090517,104546.600000,60.182566
219.958945,104806.100000,94.595051
239.448735,105195.600000,71.582448
211.210692,105556.600000,111.209896
124.107265,105886.500000,166.993844
218.767266,106201.400000,73.353055
217.491047,106549.200000,88.376143
167.928256,106907.800000,93.093525
159.229287,107284.500000,150.425718
220.775617,107695.400000,82.624904
161.951154,108022.300000,170.558503
189.489309,108433.000000,142.696530
222.101585,108796.100000,82.113823
228.305543,109065.100000,96.722464
172.480673,109426.500000,130.383087
208.418151,109750.800000,112.055601
205.656998,110078.400000,152.148707
203.506809,110427.100000,82.133167
218.440419,110775.400000,85.888017
229.985266,111110.500000,62.068795
136.611603,111465.100000,202.060816
173.811149,111842.400000,137.974832
211.987325,112252.200000,83.225514
154.912112,112572.900000,143.132955
238.293036,112929.100000,68.055514
263.508523,113264.700000,47.265865
208.711162,113540.600000,101.581790
227.938596,113858.200000,76.112081
192.323527,114131.300000,107.928391
212.443484,114397.600000,113.397388
252.638471,114692.000000,31.332101
203.526146,115063.600000,92.285338
171.392810,115368.300000,138.981323
95.591567,115618.000000,197.980557
211.206068,115949.900000,81.908014
192.546883,116224.700000,118.457819
216.760072,116561.700000,105.050109
188.246107,116887.500000,106.378484
181.801958,117148.400000,120.076190
136.042203,117482.300000,155.431879
180.230705,117793.500000,123.763971
244.186391,118100.000000,35.392010
195.007782,118416.100000,113.800528
213.448950,118759.300000,135.864633
177.149183,119021.400000,193.191249
167.524556,119300.100000,175.926730
146.427703,119591.400000,165.698226
164.265453,119935.400000,150.408148
107.607840,120163.100000,229.429079
142.646788,120525.400000,196.940678
110.171013,120771.400000,202.977938
157.504863,121110.700000,162.896221
192.581982,121398.300000,130.675439
179.080316,121751.400000,163.968503
209.149642,122102.500000,107.667857
197.816187,122359.700000,105.179439
224.424592,122715.600000,86.874063
222.193642,122987.800000,119.546928
229.998060,123293.000000,95.597684
177.758639,123606.400000,95.278827
225.139739,123893.300000,65.062085
152.454874,124166.700000,155.959330
169.451832,124471.000000,138.783265
149.720196,124757.800000,140.010607
112.566908,125003.900000,234.732661
217.435261,125356.800000,78.341155
245.040061,125705.400000,48.095003
123.508923,126057.200000,157.164237
204.313584,126422.200000,124.848813
163.531245,126716.300000,170.373741
199.965118,127079.900000,108.684147
206.714196,127360.500000,111.722879
224.810721,127709.900000,60.561817
229.637164,128073.900000,101.796215
167.209162,128375.000000,110.359549
160.332916,128648.300000,155.001353
253.612611,128956.400000,27.673508
231.443756,129247.700000,63.213185
214.875369,129549.600000,93.654850
226.252993,129821.600000,83.224173
162.390226,130074.300000,144.371632
228.399483,130476.500000,89.205685
156.985751,130824.800000,156.966082
208.845806,131101.600000,94.196569
236.415301,131439.800000,48.386440
175.053891,131697.300000,258.423801
206.657370,131933.600000,115.047434
69.524240,132207.400000,275.394316
221.082519,132485.600000,141.953500
145.954950,132750.400000,206.622707
89.973341,133053.900000,200.468252
244.939326,133353.300000,21.508482
131.325172,133623.500000,176.434575
188.185566,133879.400000,153.551948
187.622379,134123.700000,175.232036
236.745149,134374.200000,76.668981
247.256102,134637.200000,96.352979
181.814205,134956.900000,129.432278
189.103640,135313.100000,122.374419
225.183619,135616.500000,83.691290
217.872332,135935.200000,59.634475
151.913045,136229.400000,181.794630
149.147357,136457.000000,232.321484
208.733200,136769.100000,95.316870
258.522920,137049.100000,26.447340
191.269045,137419.300000,99.161136
210.312829,137782.600000,104.381195
208.465092,138100.800000,117.405677
165.059230,138348.900000,137.910501
29.603174,138573.200000,280.571994
191.155444,138813.900000,115.340798
211.443034,139093.100000,105.464829
217.617462,139427.400000,114.036052
92.272152,139807.300000,266.535269
211.750988,140073.200000,104.075766
129.248093,140373.800000,217.989831
214.341360,140801.700000,96.949044
192.936848,141126.100000,147.764036
162.417235,141378.100000,145.413869
185.712214,141666.400000,153.112096
145.306628,141964.100000,244.666480
133.887885,142330.100000,170.877632
192.097368,142687.300000,136.953473
139.884597,142966.500000,174.084526
59.275248,143210.700000,277.605109
184.120672,143533.200000,151.055532
185.411022,143833.700000,112.581042
197.519788,144201.300000,121.993046
203.228192,144492.700000,134.400703
159.374686,144738.100000,162.728095
182.624999,145018.400000,154.614885
143.823164,145310.600000,179.537926
175.623631,145647.800000,141.060851
201.832242,145960.600000,117.883169
145.379980,146265.300000,181.354777
255.601835,146538.500000,22.215481
170.737061,146847.100000,148.344447
202.613574,147092.800000,79.897491
222.630265,147411.400000,103.735810
144.425062,147759.600000,145.477869
167.396817,148156.600000,124.855089
226.780685,148512.200000,98.265122
183.751597,148805.200000,164.330560
140.043093,149174.400000,203.135515
165.665377,149527.400000,135.382478
221.662906,149909.600000,107.320090
153.714976,150192.900000,158.631653
158.436501,150408.400000,132.073263
267.272491,150691.900000,8.609826
249.964933,151050.500000,30.608236
171.895521,151347.300000,128.127675
192.216821,151694.500000,176.020791
142.786527,152055.700000,129.352463
194.340167,152429.700000,100.093944
211.234709,152802.200000,89.282725
194.068373,153152.700000,128.620003
130.987555,153538.400000,259.582080
164.667288,153909.200000,209.988523
194.959839,154195.700000,155.587488
252.007064,154506.800000,33.304533
266.109535,154808.000000,15.265594
219.000288,155117.100000,98.520468
208.880961,155500.700000,99.673827
216.927599,155815.500000,118.892638
196.452434,156071.300000,125.453720
219.276218,156341.500000,104.342760
204.399357,156714.200000,104.404860
236.480413,156965.100000,95.778732
208.888980,157312.600000,158.216992
225.625444,157646.700000,95.289235
222.390254,158011.200000,92.290814
151.493913,158320.200000,196.232887
263.020716,158678.100000,23.965637
214.228368,158951.700000,132.192604
187.091093,159242.800000,202.798948
231.613319,159562.300000,85.322204
156.893792,159909.200000,157.930664
217.035205,160238.000000,70.477749
201.542867,160572.900000,102.632561
194.388090,160858.900000,191.329848
265.964643,161151.900000,25.370788
243.453812,161421.000000,69.618095
158.086754,161697.400000,136.171231
230.025992,161986.600000,59.351422
196.431940,162315.500000,158.497531
189.206590,162633.700000,95.545467
233.913647,162873.400000,87.468947
187.179993,163290.100000,162.679140
243.302723,163590.600000,62.132571
165.503424,163996.400000,169.765738
183.690033,164329.800000,196.511994
268.807631,164646.500000,25.104273
147.844322,165010.800000,182.566537
250.085373,165285.500000,95.059435
250.303059,165675.000000,56.100142
263.903781,165969.900000,24.935426
259.155434,166278.800000,20.307854
139.747932,166582.700000,192.182210
200.816190,166861.900000,101.208469
250.293064,167183.400000,60.361349
240.022687,167459.900000,79.518034
211.930300,167727.900000,115.456555
261.565188,167963.600000,18.875046
234.972174,168237.100000,100.850795
108.458175,168436.100000,208.307438
242.200923,168679.600000,75.535810
229.850706,168927.800000,86.476335
233.179870,169163.400000,81.503533
259.126411,169446.900000,26.173327
210.148879,169691.900000,113.683497
253.836575,169966.500000,27.137693
203.491494,170212.100000,179.069369
130.920892,170418.600000,175.166163
136.185373,170713.800000,133.239928
172.596141,170995.600000,190.994444
221.628306,171299.200000,102.419182
224.585622,171563.000000,103.989369
216.034040,171832.200000,125.279166
172.914931,172169.400000,122.418388
226.144683,172571.000000,48.259908
190.606932,172862.800000,141.150127
156.479397,173242.000000,156.501218
247.533090,173526.600000,19.737902
161.303245,173862.200000,123.014107
175.011575,174148.700000,156.304926
172.849668,174395.100000,135.410192
200.271020,174688.100000,110.284530
228.062138,174963.100000,129.570989
187.737125,175203.300000,116.998544
